GRT_LABELLED_CLASSIFICATION_DATA_FILE_V1.0
DatasetName: NOT_SET
InfoText: 
NumDimensions: 2
TotalNumExamples: 3395
NumberOfClasses: 3
ClassIDsAndCounters: 
1	2041	NOT_SET
2	819	NOT_SET
3	535	NOT_SET
UseExternalRanges: 0
Data:
1	0.520713	0.485215
1	0.520763	0.48487
1	0.520836	0.48461
1	0.520842	0.484353
1	0.520735	0.483886
1	0.520675	0.483632
1	0.52058	0.483379
1	0.52035	0.483252
1	0.520218	0.483024
1	0.520087	0.482987
1	0.52	0.482926
1	0.51999	0.482862
1	0.519963	0.482836
1	0.519915	0.482737
1	0.519953	0.482623
1	0.52005	0.482522
1	0.520112	0.482423
1	0.520124	0.482305
1	0.520166	0.482222
1	0.520207	0.482034
1	0.520193	0.481962
1	0.520074	0.481942
1	0.519991	0.481739
1	0.519901	0.48163
1	0.519851	0.481561
1	0.519789	0.481474
1	0.51977	0.481352
1	0.519727	0.481293
1	0.519753	0.481237
1	0.519702	0.481222
1	0.519702	0.481137
1	0.519692	0.481137
1	0.519717	0.481111
1	0.519732	0.481053
1	0.519742	0.48102
1	0.519755	0.481043
1	0.519811	0.481024
1	0.519926	0.480991
1	0.520035	0.480951
1	0.520162	0.481003
1	0.520207	0.481186
1	0.52025	0.481439
1	0.520264	0.481739
1	0.520279	0.482064
1	0.5203	0.482893
1	0.520388	0.483384
1	0.520522	0.483933
1	0.520654	0.485147
1	0.520805	0.48582
1	0.520941	0.486513
1	0.521012	0.487258
1	0.521079	0.489084
1	0.521173	0.490288
1	0.521274	0.491646
1	0.521356	0.494879
1	0.521447	0.496759
1	0.521501	0.498828
1	0.521544	0.501101
1	0.52144	0.503607
1	0.52138	0.509069
1	0.521308	0.511895
1	0.520921	0.514772
1	0.520641	0.520662
1	0.520345	0.523707
1	0.520065	0.526799
1	0.519311	0.529855
1	0.518859	0.536205
1	0.518268	0.539477
1	0.516983	0.542944
1	0.516202	0.550358
1	0.515359	0.554249
1	0.514471	0.55826
1	0.513537	0.56229
1	0.511465	0.566265
1	0.510401	0.574334
1	0.508052	0.578354
1	0.508052	0.586182
1	0.506489	0.586182
1	0.505593	0.594118
1	0.503568	0.598112
1	0.502594	0.606196
1	0.501619	0.610247
1	0.500681	0.614171
1	0.499001	0.618028
1	0.497905	0.626078
1	0.496907	0.630373
1	0.494931	0.634566
1	0.493888	0.642742
1	0.492735	0.646586
1	0.491654	0.650296
1	0.490035	0.653766
1	0.489292	0.659739
1	0.488778	0.662325
1	0.488133	0.664617
1	0.487624	0.666368
1	0.488306	0.667412
1	0.48934	0.666622
1	0.490518	0.66505
1	0.49338	0.662773
1	0.49542	0.656494
1	0.499668	0.652033
1	0.501393	0.641411
1	0.503257	0.635106
1	0.505008	0.628299
1	0.506301	0.620942
1	0.508859	0.613723
1	0.510454	0.599697
1	0.512221	0.592811
1	0.515441	0.586111
1	0.516716	0.572946
1	0.517744	0.566417
1	0.518935	0.559962
1	0.521926	0.553609
1	0.522951	0.541481
1	0.523478	0.534959
1	0.525004	0.528655
1	0.52603	0.5186
1	0.526726	0.514547
1	0.527184	0.510789
1	0.527488	0.507875
1	0.527521	0.504518
1	0.527525	0.503676
1	0.526567	0.503188
1	0.525787	0.502266
1	0.525005	0.50191
1	0.524131	0.501827
1	0.522967	0.502105
1	0.519933	0.502801
1	0.51791	0.505395
1	0.515532	0.507459
1	0.509622	0.510008
1	0.505993	0.516408
1	0.50191	0.5201
1	0.497372	0.52407
1	0.487054	0.528059
1	0.481196	0.536686
1	0.474789	0.541074
1	0.46785	0.545438
1	0.452863	0.549758
1	0.445069	0.557692
1	0.43731	0.561356
1	0.422149	0.564806
1	0.4146	0.570907
1	0.407246	0.573833
1	0.400156	0.576548
1	0.386885	0.579081
1	0.380691	0.584279
1	0.374588	0.586622
1	0.362431	0.588447
1	0.356229	0.592496
1	0.35001	0.5941
1	0.343708	0.595622
1	0.331828	0.596598
1	0.327127	0.597798
1	0.323565	0.59802
1	0.319477	0.598403
1	0.319059	0.598518
1	0.319594	0.598973
1	0.320977	0.599684
1	0.326627	0.600352
1	0.330937	0.601622
1	0.336116	0.602635
1	0.342471	0.603721
1	0.35805	0.604516
1	0.366553	0.605407
1	0.375692	0.605472
1	0.395089	0.605267
1	0.405083	0.603601
1	0.41508	0.60189
1	0.424609	0.599451
1	0.441878	0.596307
1	0.449622	0.587379
1	0.457125	0.581711
1	0.469084	0.575537
1	0.473951	0.561736
1	0.478566	0.554967
1	0.482532	0.548057
1	0.488188	0.540569
1	0.490344	0.524676
1	0.492511	0.516434
1	0.494947	0.50782
1	0.49873	0.499089
1	0.499556	0.481737
1	0.500333	0.473181
1	0.501586	0.465258
1	0.501751	0.45347
1	0.501669	0.449352
1	0.500906	0.446478
1	0.500628	0.445202
1	0.500452	0.446653
1	0.500257	0.449143
1	0.500075	0.452607
1	0.499889	0.45672
1	0.499818	0.467292
1	0.49953	0.473662
1	0.49933	0.480505
1	0.498898	0.488093
1	0.498415	0.504956
1	0.497928	0.514059
1	0.496178	0.523395
1	0.494865	0.542348
1	0.493231	0.551643
1	0.490969	0.560715
1	0.485922	0.569474
1	0.483672	0.585754
1	0.480884	0.593752
1	0.477613	0.601637
1	0.470891	0.609394
1	0.467529	0.624795
1	0.459337	0.632404
1	0.454841	0.646773
1	0.450298	0.653433
1	0.445936	0.659418
1	0.439245	0.664266
1	0.437112	0.671931
1	0.436544	0.674399
1	0.436544	0.676008
1	0.442311	0.676008
1	0.44622	0.674622
1	0.450533	0.672908
1	0.461127	0.670593
1	0.466133	0.664313
1	0.471087	0.660459
1	0.476094	0.655882
1	0.480915	0.65039
1	0.487753	0.643901
1	0.490214	0.629887
1	0.49504	0.622636
1	0.496555	0.606933
1	0.497651	0.598398
1	0.4983	0.589791
1	0.501761	0.581213
1	0.502088	0.555425
1	0.501835	0.546307
1	0.501704	0.537518
1	0.501657	0.521775
1	0.501653	0.51383
1	0.501671	0.506276
1	0.50198	0.499613
1	0.502238	0.488293
1	0.502707	0.48377
1	0.504299	0.480127
1	0.505034	0.474709
1	0.505597	0.473143
1	0.506186	0.472019
1	0.507036	0.471424
1	0.50691	0.472712
1	0.506606	0.474089
1	0.506055	0.476322
1	0.503988	0.479597
1	0.502318	0.488583
1	0.50037	0.493959
1	0.495642	0.499638
1	0.49267	0.511609
1	0.489197	0.517694
1	0.480911	0.523781
1	0.476283	0.536262
1	0.471249	0.542329
1	0.465758	0.548186
1	0.453176	0.553936
1	0.446569	0.564649
1	0.439902	0.569371
1	0.426789	0.573577
1	0.420406	0.580581
1	0.414238	0.583351
1	0.401969	0.585917
1	0.396509	0.589683
1	0.39188	0.591069
1	0.388286	0.59229
1	0.382068	0.593061
1	0.379772	0.593629
1	0.378368	0.594052
1	0.377765	0.594419
1	0.378063	0.594549
1	0.378701	0.593826
1	0.379714	0.593262
1	0.381082	0.59265
1	0.384078	0.592088
1	0.385295	0.590788
1	0.386439	0.590326
1	0.387354	0.590039
1	0.389003	0.589967
1	0.389894	0.590032
1	0.390754	0.590183
1	0.392441	0.590327
1	0.393546	0.590958
1	0.395047	0.591268
1	0.399037	0.591467
1	0.40159	0.591224
1	0.404798	0.59126
1	0.408772	0.591219
1	0.418168	0.590688
1	0.423176	0.588167
1	0.428775	0.586682
1	0.434748	0.584737
1	0.446268	0.582285
1	0.451711	0.575934
1	0.457283	0.572546
1	0.467627	0.568915
1	0.472114	0.560172
1	0.476431	0.555243
1	0.480881	0.550627
1	0.48514	0.545835
1	0.492115	0.540931
1	0.495122	0.529577
1	0.500797	0.523616
1	0.503399	0.512668
1	0.505575	0.507773
1	0.507128	0.503075
1	0.508566	0.49833
1	0.511061	0.493621
1	0.511782	0.486293
1	0.51181	0.483797
1	0.510978	0.482086
1	0.510344	0.481382
1	0.509621	0.482542
1	0.508757	0.484599
1	0.506063	0.487497
1	0.504467	0.494857
1	0.502727	0.4994
1	0.498993	0.504547
1	0.496904	0.516343
1	0.49477	0.522803
1	0.492526	0.529416
1	0.487294	0.536221
1	0.481183	0.550451
1	0.477312	0.565578
1	0.473185	0.573194
1	0.468838	0.580747
1	0.457952	0.588253
1	0.451464	0.602881
1	0.444644	0.609635
1	0.430739	0.615831
1	0.424038	0.625518
1	0.418016	0.629049
1	0.41293	0.631963
1	0.405796	0.634102
1	0.403779	0.63651
1	0.402471	0.637261
1	0.401506	0.637783
1	0.401297	0.638228
1	0.401243	0.638319
1	0.401276	0.638389
1	0.401472	0.638353
1	0.402551	0.638167
1	0.403706	0.637236
1	0.40832	0.636348
1	0.411981	0.633704
1	0.416236	0.631794
1	0.421181	0.629353
1	0.434284	0.626066
1	0.441873	0.616974
1	0.449712	0.611763
1	0.464703	0.606075
1	0.471828	0.592758
1	0.478603	0.585467
1	0.484576	0.578401
1	0.494419	0.571193
1	0.498426	0.557168
1	0.501931	0.550796
1	0.508403	0.545024
1	0.51128	0.534235
1	0.513722	0.528711
1	0.515623	0.523644
1	0.517287	0.518765
1	0.520905	0.513793
1	0.522538	0.504271
1	0.523755	0.499944
1	0.526437	0.495872
1	0.527834	0.488228
1	0.528895	0.48473
1	0.529507	0.481832
1	0.529962	0.479629
1	0.530218	0.475923
1	0.530462	0.474934
1	0.530328	0.474473
1	0.53016	0.474589
1	0.529966	0.474984
1	0.529762	0.475491
1	0.529132	0.476005
1	0.528743	0.477075
1	0.528353	0.477614
1	0.527677	0.478167
1	0.527382	0.47895
1	0.527096	0.479191
1	0.526927	0.47934
1	0.526722	0.479496
1	0.526679	0.479756
1	0.526596	0.479779
1	0.52646	0.479771
1	0.526343	0.47968
1	0.526222	0.479599
1	0.526075	0.479539
1	0.525854	0.479456
1	0.52574	0.479299
1	0.525683	0.47928
1	0.525683	0.479232
1	0.525674	0.479232
1	0.52564	0.479206
2	0.833812	0.504888
2	0.833583	0.505061
2	0.833359	0.505282
2	0.832959	0.505553
2	0.832824	0.506133
2	0.832679	0.506315
2	0.832492	0.506375
2	0.832492	0.506486
2	0.831876	0.506486
2	0.831636	0.506954
2	0.831103	0.507078
2	0.830861	0.507232
2	0.830633	0.50727
2	0.830428	0.507337
2	0.830267	0.507408
2	0.829979	0.507434
2	0.829834	0.5074
2	0.829664	0.507407
2	0.829542	0.507354
2	0.829273	0.507359
2	0.829167	0.507371
2	0.828972	0.507332
2	0.828862	0.507151
2	0.828758	0.507059
2	0.828611	0.506978
2	0.828463	0.506944
2	0.828299	0.506896
2	0.828012	0.506863
2	0.827909	0.506855
2	0.827776	0.506799
2	0.82773	0.506665
2	0.827681	0.506606
2	0.82765	0.506454
2	0.827664	0.506327
2	0.827677	0.506196
2	0.827731	0.506041
2	0.827787	0.505952
2	0.827907	0.505898
2	0.828007	0.505897
2	0.828343	0.505799
2	0.82848	0.505859
2	0.82855	0.50614
2	0.828545	0.506393
2	0.828455	0.506627
2	0.828054	0.506885
2	0.827837	0.507428
2	0.827417	0.507601
2	0.827195	0.507818
2	0.826951	0.5079
2	0.826649	0.507927
2	0.825903	0.508001
2	0.824958	0.508271
2	0.824478	0.508624
2	0.82399	0.50874
2	0.823251	0.508868
2	0.822922	0.509081
2	0.822613	0.509094
2	0.822345	0.509061
2	0.821866	0.509028
2	0.821725	0.509187
2	0.821606	0.509274
2	0.821524	0.509291
2	0.821498	0.509256
2	0.821535	0.509178
2	0.821633	0.509132
2	0.821786	0.509072
2	0.821864	0.508892
2	0.821964	0.508795
2	0.822047	0.508737
2	0.822108	0.508757
2	0.822172	0.508811
2	0.822214	0.50885
2	0.822215	0.508846
2	0.822213	0.508847
2	0.822171	0.508787
2	0.822171	0.508786
2	0.82208	0.50878
2	0.822018	0.508654
2	0.821991	0.508598
2	0.821972	0.508558
2	0.821839	0.508511
2	0.821618	0.508326
2	0.821193	0.508379
2	0.819571	0.508444
2	0.818482	0.508833
2	0.817196	0.509302
2	0.815629	0.509945
2	0.81398	0.510826
2	0.810952	0.511674
2	0.809565	0.513335
2	0.807098	0.514552
2	0.806123	0.517602
2	0.805312	0.519274
2	0.804373	0.520984
2	0.804495	0.524831
2	0.804974	0.52657
2	0.805864	0.527909
2	0.806946	0.528621
2	0.809438	0.528586
2	0.810594	0.526413
2	0.811566	0.524503
2	0.812651	0.522239
2	0.812691	0.517637
2	0.812654	0.515682
2	0.812332	0.514079
2	0.81075	0.512591
2	0.80961	0.510483
2	0.808207	0.510013
2	0.80542	0.509884
2	0.804245	0.510987
2	0.803263	0.512183
2	0.801789	0.513799
2	0.801466	0.517835
2	0.80141	0.520238
2	0.801767	0.522698
2	0.803634	0.525137
2	0.804868	0.529576
2	0.806212	0.531024
2	0.80756	0.531735
2	0.808966	0.531824
2	0.811011	0.531135
2	0.811011	0.527391
2	0.809884	0.527391
2	0.808527	0.520903
2	0.806747	0.51966
2	0.804434	0.518753
2	0.799357	0.517844
2	0.796273	0.516901
2	0.793396	0.516578
2	0.791095	0.516248
2	0.787427	0.516113
2	0.786178	0.517758
2	0.785353	0.51925
2	0.784918	0.520948
2	0.785228	0.524967
2	0.785952	0.527117
2	0.787212	0.529751
2	0.790826	0.532481
2	0.793116	0.537061
2	0.795554	0.538492
2	0.800941	0.539129
2	0.800941	0.537734
2	0.805721	0.537734
2	0.807453	0.532583
2	0.808766	0.529383
2	0.808274	0.523902
2	0.807359	0.521917
2	0.805947	0.520311
2	0.802228	0.51902
2	0.800076	0.51741
2	0.797797	0.516982
2	0.795743	0.516904
2	0.792257	0.517221
2	0.79109	0.51904
2	0.790306	0.520419
2	0.788825	0.521994
2	0.788369	0.526277
2	0.788289	0.528868
2	0.788986	0.531761
2	0.791896	0.534652
2	0.793777	0.539615
2	0.795864	0.541552
2	0.800471	0.542868
2	0.802713	0.542547
2	0.804438	0.541237
2	0.805455	0.539499
2	0.805758	0.537565
2	0.805042	0.533798
2	0.803977	0.53237
2	0.801283	0.531327
2	0.80005	0.529578
2	0.798967	0.528655
2	0.797726	0.527681
2	0.795531	0.526955
2	0.794537	0.526465
2	0.793685	0.526249
2	0.79146	0.526291
2	0.790332	0.52773
2	0.789585	0.52923
2	0.789385	0.531174
2	0.790004	0.533101
2	0.790727	0.53705
2	0.792031	0.538902
2	0.795442	0.540388
2	0.797151	0.541077
2	0.798992	0.540237
2	0.800814	0.538668
2	0.803329	0.536437
2	0.803819	0.530501
2	0.803635	0.527864
2	0.801244	0.525913
2	0.799457	0.522798
2	0.797664	0.521932
2	0.795823	0.521196
2	0.791738	0.520775
2	0.790006	0.521176
2	0.78873	0.522306
2	0.787614	0.523781
2	0.787388	0.526751
2	0.787351	0.528207
2	0.787452	0.52956
2	0.787752	0.530582
2	0.789216	0.53148
2	0.790518	0.532921
2	0.794107	0.533494
2	0.796349	0.53407
2	0.798661	0.533855
2	0.800529	0.533348
2	0.801744	0.532537
2	0.802191	0.531383
2	0.801698	0.529493
2	0.800061	0.526145
2	0.797424	0.525252
2	0.791382	0.524693
2	0.788481	0.524239
2	0.785214	0.524519
2	0.781849	0.524945
2	0.775355	0.525646
2	0.772932	0.527803
2	0.771809	0.529646
2	0.771399	0.531755
2	0.771297	0.535299
2	0.771785	0.5374
2	0.773088	0.539636
2	0.777584	0.541813
2	0.780213	0.544941
2	0.784722	0.546093
2	0.784722	0.548443
2	0.788755	0.548443
2	0.791217	0.547805
2	0.793822	0.545418
2	0.798534	0.542367
2	0.799897	0.535401
2	0.800543	0.531526
2	0.799881	0.528619
2	0.798533	0.524652
2	0.796712	0.523277
2	0.794742	0.522453
2	0.790343	0.522514
2	0.78831	0.523599
2	0.786614	0.524618
2	0.785124	0.525962
2	0.782725	0.527589
2	0.782141	0.531614
2	0.782173	0.533482
2	0.783859	0.534913
2	0.785047	0.537464
2	0.786332	0.538756
2	0.790221	0.540109
2	0.792783	0.541484
2	0.795316	0.541465
2	0.797712	0.541086
2	0.799992	0.540132
2	0.804526	0.538558
2	0.806448	0.533658
2	0.809607	0.530695
2	0.811258	0.524475
3	0.712562	0.298808
3	0.712549	0.298808
3	0.712549	0.298876
3	0.712549	0.298876
3	0.712461	0.298876
3	0.712516	0.298908
3	0.712461	0.298889
3	0.712442	0.298908
3	0.712428	0.298854
3	0.712608	0.298922
3	0.712974	0.298906
3	0.713583	0.2989
3	0.712983	0.29871
3	0.712419	0.298433
3	0.712741	0.298022
3	0.712317	0.297632
3	0.710898	0.29647
3	0.708418	0.295757
3	0.69559	0.295263
3	0.685753	0.294929
3	0.675636	0.295296
3	0.66471	0.296174
3	0.643518	0.297512
3	0.636454	0.301262
3	0.634104	0.303751
3	0.639667	0.306893
3	0.643438	0.313479
3	0.647247	0.316026
3	0.650897	0.318141
3	0.660819	0.319821
3	0.666527	0.322144
3	0.672681	0.32243
3	0.686052	0.321955
3	0.693925	0.319265
3	0.701932	0.317684
3	0.709568	0.315987
3	0.720475	0.314301
3	0.722482	0.310904
3	0.722213	0.308983
3	0.714236	0.306955
3	0.706651	0.303286
3	0.696309	0.301536
3	0.682487	0.300154
3	0.650514	0.299243
3	0.638	0.300096
3	0.628175	0.302246
3	0.616201	0.305099
3	0.613897	0.311244
3	0.614341	0.314484
3	0.616385	0.318125
3	0.62372	0.32175
3	0.628648	0.327884
3	0.634731	0.330433
3	0.646856	0.332805
3	0.652584	0.335796
3	0.658142	0.336296
3	0.663672	0.336287
3	0.675192	0.335735
3	0.680773	0.332712
3	0.687097	0.330055
3	0.699229	0.327078
3	0.703974	0.321513
3	0.707443	0.318879
3	0.709331	0.316158
3	0.708091	0.313417
3	0.703656	0.308424
3	0.696642	0.306122
3	0.673725	0.304381
3	0.661004	0.302812
3	0.649523	0.303124
3	0.639295	0.304657
3	0.624284	0.307085
3	0.618633	0.313149
3	0.611734	0.316814
3	0.6113	0.325978
3	0.612149	0.331359
3	0.613651	0.337059
3	0.61605	0.342516
3	0.62382	0.347377
3	0.628694	0.355398
3	0.633743	0.358277
3	0.638831	0.359914
3	0.649838	0.360458
3	0.656291	0.358389
3	0.66338	0.356055
3	0.670519	0.353042
3	0.686256	0.349498
3	0.695297	0.341654
3	0.704245	0.33799
3	0.712744	0.334505
3	0.725809	0.331093
3	0.729246	0.325432
3	0.730449	0.323196
3	0.725279	0.320811
3	0.718636	0.315427
3	0.709145	0.31272
3	0.69731	0.310421
3	0.666848	0.30892
3	0.649937	0.309124
3	0.636154	0.311064
3	0.617919	0.314156
3	0.611578	0.322824
3	0.60678	0.327434
3	0.602971	0.332055
3	0.602516	0.336523
3	0.605016	0.344622
3	0.608749	0.348031
3	0.617661	0.350735
3	0.623011	0.354191
3	0.628881	0.354931
3	0.635089	0.35504
3	0.641982	0.354385
3	0.658327	0.352868
3	0.667573	0.348153
3	0.677537	0.344955
3	0.69718	0.341605
3	0.706658	0.334589
3	0.715894	0.331227
3	0.724594	0.328067
3	0.732155	0.325283
3	0.740254	0.322519
3	0.740735	0.316388
3	0.73794	0.313121
3	0.722857	0.310458
3	0.71045	0.305249
3	0.694368	0.302957
3	0.676146	0.301671
3	0.641179	0.301502
3	0.627766	0.304533
3	0.617431	0.307707
3	0.602226	0.311177
3	0.597317	0.318904
3	0.59406	0.323459
3	0.592027	0.328751
3	0.590708	0.334366
3	0.591081	0.345652
3	0.592697	0.351014
3	0.600261	0.356136
3	0.604589	0.364633
3	0.608812	0.367246
3	0.613037	0.368542
3	0.62286	0.368887
3	0.628434	0.36672
3	0.634341	0.364259
3	0.640387	0.361136
3	0.646787	0.357508
3	0.661001	0.353309
3	0.669177	0.344216
3	0.686578	0.340059
3	0.695303	0.332133
3	0.703143	0.328568
3	0.709324	0.325388
3	0.715287	0.322518
3	0.714427	0.317595
3	0.710745	0.315457
3	0.704306	0.313384
3	0.686448	0.311436
3	0.676741	0.310038
3	0.666529	0.310783
3	0.654839	0.312001
3	0.633498	0.313532
3	0.627121	0.318258
3	0.622314	0.321553
3	0.616255	0.32524
3	0.615882	0.33283
3	0.617373	0.336541
3	0.620102	0.339911
3	0.626561	0.342865
3	0.62955	0.347435
3	0.632598	0.348711
3	0.639536	0.349278
3	0.643383	0.348438
3	0.647227	0.347249
3	0.650832	0.345494
3	0.65762	0.343246
3	0.660598	0.337854
3	0.663478	0.334985
1	0.533292	0.574295
1	0.533292	0.574295
1	0.533297	0.574295
1	0.533297	0.574295
1	0.533297	0.574307
1	0.533292	0.574307
1	0.533292	0.574295
1	0.533292	0.574295
1	0.533297	0.574295
1	0.533299	0.574295
1	0.533299	0.574311
1	0.533297	0.574311
1	0.533297	0.574295
1	0.533292	0.574295
1	0.533297	0.574295
1	0.533292	0.574295
1	0.533292	0.574295
1	0.533289	0.574295
1	0.533292	0.574279
1	0.533292	0.574307
1	0.533292	0.574307
1	0.533289	0.574307
1	0.533289	0.574291
1	0.533289	0.574279
1	0.533289	0.574279
1	0.533292	0.574279
1	0.533292	0.574295
1	0.533292	0.574295
1	0.533292	0.574295
1	0.533289	0.574295
1	0.533289	0.574279
1	0.533289	0.574291
1	0.533289	0.574291
1	0.533292	0.574291
1	0.533292	0.574307
1	0.533289	0.574307
1	0.533289	0.574291
1	0.533286	0.574279
1	0.533286	0.574263
1	0.533286	0.574263
1	0.533289	0.574263
1	0.533347	0.574279
1	0.533405	0.574336
1	0.533432	0.574371
1	0.533432	0.574364
1	0.533432	0.574376
1	0.533435	0.574376
1	0.533432	0.574392
1	0.533432	0.574376
1	0.533432	0.574376
1	0.533432	0.574376
1	0.533432	0.574376
1	0.533432	0.574376
1	0.533481	0.574376
1	0.533481	0.574521
1	0.533481	0.574521
1	0.533481	0.574521
1	0.533478	0.574521
1	0.533451	0.574505
1	0.533434	0.57451
1	0.533431	0.574547
1	0.533458	0.574531
1	0.533494	0.574524
1	0.533612	0.5746
1	0.53367	0.574721
1	0.53375	0.574779
1	0.53385	0.574808
1	0.533978	0.574804
1	0.534083	0.574794
1	0.534151	0.574811
1	0.534197	0.574936
1	0.53421	0.575196
1	0.534199	0.575432
1	0.534189	0.575668
1	0.534151	0.57592
1	0.53402	0.576158
1	0.533941	0.57659
1	0.533858	0.576695
1	0.533858	0.576793
1	0.533867	0.576793
1	0.533982	0.576836
1	0.534092	0.576951
1	0.534441	0.57699
1	0.534606	0.577124
1	0.534762	0.577216
1	0.535196	0.577231
1	0.535374	0.577264
1	0.535527	0.577285
1	0.535713	0.577307
1	0.535952	0.577333
1	0.536049	0.577407
1	0.536184	0.577408
1	0.536313	0.577457
1	0.536669	0.577484
1	0.536869	0.577469
1	0.537078	0.577472
1	0.537477	0.577528
1	0.537636	0.577677
1	0.537817	0.577735
1	0.538141	0.577755
1	0.538415	0.577763
1	0.538523	0.577906
1	0.538665	0.577967
1	0.5388	0.578054
1	0.538938	0.578126
1	0.539213	0.578181
1	0.539318	0.578318
1	0.539371	0.578346
1	0.539372	0.57835
1	0.539321	0.578339
1	0.539224	0.578325
1	0.538849	0.578335
1	0.53855	0.578484
1	0.538149	0.578625
1	0.5377	0.578769
1	0.536473	0.578943
1	0.535664	0.579247
1	0.534721	0.579368
1	0.532775	0.579461
1	0.531771	0.579501
1	0.530721	0.579548
1	0.529668	0.579642
1	0.528659	0.579714
1	0.526622	0.579787
1	0.525452	0.580029
1	0.52425	0.580144
1	0.521515	0.5802
1	0.520155	0.580301
1	0.518791	0.580266
1	0.517367	0.580225
1	0.514153	0.580165
1	0.51255	0.57988
1	0.510999	0.579766
1	0.50742	0.579643
1	0.505452	0.579324
1	0.503671	0.578974
1	0.502001	0.578658
1	0.498615	0.578403
1	0.496872	0.577911
1	0.495344	0.577626
1	0.493277	0.577357
1	0.492589	0.577165
1	0.492131	0.577151
1	0.492039	0.577236
1	0.49237	0.577629
1	0.492897	0.577898
1	0.493613	0.578207
1	0.495731	0.578529
1	0.49702	0.579176
1	0.498407	0.579522
1	0.499962	0.579847
1	0.501649	0.580191
1	0.505288	0.580603
1	0.507214	0.581499
1	0.509244	0.581993
1	0.513398	0.58252
1	0.515449	0.583605
1	0.517493	0.584204
1	0.521388	0.584778
1	0.523324	0.585791
1	0.525177	0.586209
1	0.527007	0.586669
1	0.530493	0.587105
1	0.532178	0.587927
1	0.533895	0.588336
1	0.535477	0.588762
1	0.538291	0.58917
1	0.539559	0.589907
1	0.540719	0.590135
1	0.541747	0.590354
1	0.543484	0.590532
1	0.544403	0.590699
1	0.545379	0.590714
1	0.547068	0.590765
1	0.547916	0.590889
1	0.548757	0.590919
1	0.549463	0.590935
1	0.550911	0.590986
1	0.551603	0.590905
1	0.552212	0.590849
1	0.553486	0.590759
1	0.554173	0.590566
1	0.554829	0.590507
1	0.555471	0.590559
1	0.556466	0.590577
1	0.556857	0.590676
1	0.557136	0.590725
1	0.557432	0.590776
1	0.557432	0.590874
1	0.557432	0.590885
1	0.557431	0.590885
1	0.557131	0.590868
1	0.556965	0.590782
1	0.556798	0.590797
1	0.556538	0.590801
1	0.555432	0.590841
1	0.554639	0.5909
1	0.553614	0.590898
1	0.552341	0.590898
1	0.54911	0.590895
1	0.547329	0.590759
1	0.545418	0.59067
1	0.540945	0.590622
1	0.538657	0.590552
1	0.536335	0.590496
1	0.533778	0.59054
1	0.528133	0.59064
1	0.525306	0.590626
1	0.522355	0.590617
1	0.515561	0.590545
1	0.512095	0.58997
1	0.508519	0.589558
1	0.504791	0.589131
1	0.496828	0.588619
1	0.493097	0.587237
1	0.489598	0.586432
1	0.482796	0.585561
1	0.47947	0.583586
1	0.47639	0.58258
1	0.473558	0.581646
1	0.470829	0.580826
1	0.46542	0.579981
1	0.462983	0.57834
1	0.460688	0.577616
1	0.456677	0.576963
1	0.455028	0.575644
1	0.453735	0.575123
1	0.452323	0.57469
1	0.452209	0.574204
1	0.452611	0.574177
1	0.453616	0.574296
1	0.456817	0.574553
1	0.458916	0.575688
1	0.461303	0.576459
1	0.466984	0.577246
1	0.470238	0.578919
1	0.47353	0.579857
1	0.476919	0.580767
1	0.484017	0.581624
1	0.487529	0.583695
1	0.491026	0.584806
1	0.494448	0.585869
1	0.501057	0.586852
1	0.504347	0.588343
1	0.507382	0.589063
1	0.510098	0.589793
1	0.515341	0.590448
1	0.517971	0.591549
1	0.520536	0.592024
1	0.522908	0.592404
1	0.527174	0.592734
1	0.529196	0.593335
1	0.531139	0.593611
1	0.534606	0.593814
1	0.536028	0.594322
1	0.537296	0.594465
1	0.539859	0.594565
1	0.540968	0.594768
1	0.541923	0.594819
1	0.542777	0.594893
1	0.544038	0.594965
1	0.544265	0.595033
1	0.544227	0.595033
1	0.543895	0.594999
1	0.543265	0.594934
1	0.541233	0.594787
1	0.539976	0.594433
1	0.538533	0.594311
1	0.53691	0.594191
1	0.53497	0.59404
1	0.531358	0.593907
1	0.529786	0.593528
1	0.52647	0.593346
1	0.525049	0.592907
1	0.523965	0.592713
1	0.522414	0.592561
1	0.521856	0.59229
1	0.521449	0.592214
1	0.521169	0.59212
1	0.500956	0.609386
1	0.500897	0.609543
1	0.500808	0.609649
1	0.500714	0.609733
1	0.500584	0.609776
1	0.500554	0.609907
1	0.500575	0.609947
1	0.500758	0.609947
1	0.50086	0.609887
1	0.500973	0.609778
1	0.501054	0.609754
1	0.50113	0.609754
1	0.501302	0.609787
1	0.501519	0.609659
1	0.501888	0.609511
1	0.502042	0.609205
1	0.502235	0.609102
1	0.5024	0.609095
1	0.502757	0.609193
1	0.502894	0.609589
1	0.503007	0.60985
1	0.503034	0.610128
1	0.502968	0.61041
1	0.502908	0.610945
1	0.502815	0.611173
1	0.502638	0.61141
1	0.502521	0.611619
1	0.502401	0.611723
1	0.502312	0.611813
1	0.50223	0.61191
1	0.502146	0.611986
1	0.502086	0.612093
1	0.501993	0.612154
1	0.501905	0.612238
1	0.501809	0.612425
1	0.501776	0.612496
1	0.501736	0.612493
1	0.501736	0.612462
1	0.501736	0.612462
1	0.501727	0.612462
1	0.501747	0.612573
1	0.501743	0.612873
1	0.501676	0.613115
1	0.501535	0.613374
1	0.501467	0.613954
1	0.5013	0.614213
1	0.501133	0.614586
1	0.500807	0.614975
1	0.500693	0.6158
1	0.500644	0.616205
1	0.500404	0.61655
1	0.500355	0.617409
1	0.500308	0.617736
1	0.500268	0.618063
1	0.50011	0.618384
1	0.499982	0.618922
1	0.499864	0.619129
1	0.499746	0.619271
1	0.499391	0.619383
1	0.499268	0.619613
1	0.499204	0.619669
1	0.499101	0.619698
1	0.499099	0.619753
1	0.499057	0.619769
1	0.499051	0.61984
1	0.499006	0.619916
1	0.499006	0.61999
1	0.499006	0.619975
1	0.499013	0.619975
1	0.498979	0.619839
1	0.498947	0.619788
1	0.498942	0.619707
1	0.498982	0.619592
1	0.499021	0.619081
1	0.499068	0.61857
1	0.499228	0.617732
1	0.499395	0.614554
1	0.499701	0.611966
1	0.500123	0.608651
1	0.501221	0.604666
1	0.501612	0.595526
1	0.502042	0.590729
1	0.503446	0.585669
1	0.504276	0.57552
1	0.504965	0.570783
1	0.505448	0.566122
1	0.506078	0.561356
1	0.506474	0.551369
1	0.506793	0.546425
1	0.506724	0.541569
1	0.506463	0.532069
1	0.506344	0.527911
1	0.506323	0.524183
1	0.506304	0.52053
1	0.506111	0.516795
1	0.506111	0.509773
1	0.505686	0.509773
1	0.504807	0.503571
1	0.504208	0.497252
1	0.503631	0.494375
1	0.503246	0.491556
1	0.503003	0.485973
1	0.502556	0.483614
1	0.502094	0.481613
1	0.502188	0.477735
1	0.501889	0.475952
1	0.501394	0.474127
1	0.500946	0.472203
1	0.501139	0.470479
1	0.501314	0.468272
1	0.50127	0.467405
1	0.501291	0.466573
1	0.501835	0.465682
1	0.502306	0.465676
1	0.502467	0.465768
1	0.502083	0.465804
1	0.501735	0.466856
1	0.50137	0.468146
1	0.500916	0.470005
1	0.49962	0.472324
1	0.498888	0.478182
1	0.498225	0.481797
1	0.497511	0.485727
1	0.496724	0.490167
1	0.496453	0.499797
1	0.496489	0.505111
1	0.496586	0.510636
1	0.497079	0.516446
1	0.497458	0.528557
1	0.497963	0.534996
1	0.498825	0.541659
1	0.499246	0.554958
1	0.499619	0.561586
1	0.499592	0.568271
1	0.499282	0.58135
1	0.498729	0.587374
1	0.497968	0.592748
1	0.497222	0.597856
1	0.496412	0.602696
1	0.493324	0.607415
1	0.492385	0.621086
1	0.491601	0.625293
1	0.490105	0.6295
1	0.489513	0.637289
1	0.489023	0.640864
1	0.488794	0.644195
1	0.488377	0.647151
1	0.488223	0.651962
1	0.488257	0.653499
1	0.488941	0.654258
1	0.48958	0.652732
1	0.490463	0.650404
1	0.491569	0.647199
1	0.493683	0.643141
1	0.494823	0.632868
1	0.495893	0.626776
1	0.496968	0.619989
1	0.497299	0.606022
1	0.497503	0.598644
1	0.497616	0.590968
1	0.497743	0.58327
1	0.497848	0.568226
1	0.497831	0.56082
1	0.497679	0.553847
1	0.497583	0.540372
1	0.497347	0.533669
1	0.497173	0.52744
1	0.496851	0.521466
1	0.495084	0.5156
1	0.493558	0.503699
1	0.492121	0.498174
1	0.490422	0.493591
1	0.489664	0.485963
1	0.488873	0.482484
1	0.48811	0.479412
1	0.487666	0.476768
1	0.487891	0.47314
1	0.488123	0.472287
1	0.488371	0.471883
1	0.488133	0.472117
1	0.488098	0.473078
1	0.488497	0.475006
1	0.489272	0.477584
1	0.489708	0.484819
1	0.490404	0.489374
1	0.492341	0.494312
1	0.493364	0.505264
1	0.494316	0.511225
1	0.49516	0.517287
1	0.496486	0.523195
1	0.496686	0.535315
1	0.496596	0.541483
1	0.496002	0.547644
1	0.496002	0.559706
1	0.49466	0.559706
1	0.493744	0.571286
1	0.491547	0.576734
1	0.490424	0.586743
1	0.48934	0.591053
1	0.487136	0.59477
1	0.486085	0.600144
1	0.485043	0.601997
1	0.48414	0.60335
1	0.482664	0.604209
1	0.482066	0.60465
1	0.481454	0.604649
1	0.480273	0.604667
1	0.479852	0.604665
1	0.479564	0.604572
1	0.479371	0.604493
1	0.479157	0.604441
1	0.478992	0.604492
1	0.47893	0.604527
1	0.479115	0.604404
1	0.479629	0.604177
1	0.479765	0.603923
1	0.480015	0.603931
1	0.480784	0.60398
1	0.481241	0.60428
1	0.481578	0.604434
1	0.481892	0.604673
1	0.482295	0.604901
1	0.483168	0.605172
1	0.48359	0.605648
1	0.483863	0.605997
1	0.484589	0.606554
1	0.484854	0.608277
1	0.484796	0.609648
1	0.4845	0.611502
1	0.483435	0.613657
1	0.482828	0.61861
1	0.482271	0.621178
1	0.481085	0.623652
1	0.480689	0.627853
1	0.480505	0.629721
1	0.480562	0.63117
1	0.481052	0.632236
1	0.48142	0.633589
1	0.48196	0.633997
1	0.482582	0.634219
1	0.482816	0.635035
1	0.483212	0.635641
1	0.483538	0.636116
1	0.484026	0.636619
1	0.484254	0.637356
1	0.484447	0.637533
1	0.48496	0.637611
1	0.485186	0.637557
1	0.485428	0.637418
1	0.485607	0.63725
1	0.486	0.637048
1	0.486299	0.63659
1	0.486438	0.636337
1	0.486483	0.636123
1	0.486403	0.635997
1	0.486408	0.635832
1	0.48643	0.635726
1	0.486341	0.635515
1	0.486323	0.635206
1	0.486382	0.635042
1	0.486663	0.63483
1	0.486686	0.63433
1	0.486772	0.634103
1	0.486764	0.633924
1	0.486756	0.633763
1	0.486854	0.633644
1	0.486883	0.63335
1	0.486855	0.633226
1	0.486855	0.63302
1	0.486852	0.63302
1	0.486823	0.632843
1	0.486901	0.632745
1	0.486989	0.632468
1	0.487118	0.632307
1	0.487187	0.632137
1	0.487345	0.632071
1	0.487345	0.631958
1	0.48743	0.631958
1	0.48743	0.631883
1	0.48743	0.631883
1	0.48739	0.631883
1	0.487289	0.631817
1	0.487339	0.631789
1	0.487262	0.6316
1	0.487393	0.631289
1	0.487512	0.631164
1	0.487815	0.631089
1	0.487954	0.630892
1	0.488089	0.630829
1	0.488169	0.630838
1	0.488207	0.630871
1	0.488207	0.630924
1	0.488207	0.630924
1	0.488207	0.630924
1	0.488135	0.630924
1	0.488062	0.630906
1	0.488031	0.630771
1	0.488038	0.63064
1	0.488063	0.63052
1	0.488099	0.630499
1	0.488099	0.630461
1	0.487945	0.630461
1	0.487834	0.630335
1	0.487839	0.63019
1	0.487837	0.629997
1	0.487766	0.629748
1	0.487726	0.628751
1	0.487643	0.627991
1	0.486986	0.62703
1	0.486709	0.624071
1	0.486704	0.621851
1	0.48694	0.618856
1	0.48727	0.615508
1	0.487236	0.609105
1	0.487181	0.606311
1	0.487629	0.603602
1	0.487767	0.597703
1	0.48763	0.595146
1	0.48751	0.5929
1	0.487626	0.590876
1	0.487738	0.587047
1	0.487772	0.585629
1	0.487739	0.584534
1	0.487712	0.582789
1	0.487611	0.582262
1	0.48757	0.581953
1	0.487507	0.581717
1	0.487345	0.581588
1	0.487298	0.581599
1	0.487226	0.581736
1	0.487009	0.581926
1	0.486915	0.582453
1	0.486879	0.582761
1	0.486792	0.583087
1	0.486746	0.58358
1	0.486698	0.583778
1	0.486704	0.583944
1	0.486713	0.584087
1	0.486725	0.584245
1	0.486757	0.584546
1	0.486735	0.584669
1	0.486778	0.584831
1	0.486786	0.585196
1	0.486763	0.585383
1	0.486794	0.585501
1	0.486803	0.585596
1	0.486811	0.58584
1	0.486791	0.586022
1	0.486813	0.586213
1	0.486802	0.586823
1	0.486769	0.587269
1	0.486773	0.587888
1	0.486472	0.588667
1	0.486555	0.590936
1	0.486645	0.592522
1	0.486705	0.594275
1	0.486688	0.596184
1	0.486685	0.598209
1	0.486717	0.602194
1	0.486751	0.604084
1	0.486906	0.605769
1	0.486995	0.608718
1	0.487159	0.609959
1	0.487411	0.611013
1	0.487624	0.612716
1	0.487812	0.613309
1	0.487969	0.613804
1	0.488427	0.614233
1	0.488628	0.614801
1	0.488868	0.614955
1	0.489296	0.615088
1	0.489477	0.615267
1	0.489722	0.615322
1	0.489924	0.615296
1	0.490214	0.615292
1	0.490308	0.615305
1	0.490454	0.615287
1	0.490598	0.615292
1	0.490656	0.615464
1	0.490676	0.615526
1	0.490679	0.615612
1	0.49063	0.615682
1	0.49063	0.615702
1	0.490575	0.615702
1	0.490575	0.615667
1	0.490575	0.615667
1	0.490575	0.615653
1	0.490578	0.615653
1	0.490559	0.615637
1	0.490559	0.615673
1	0.490559	0.615673
1	0.490562	0.615673
1	0.490558	0.615658
1	0.490571	0.615659
1	0.490574	0.615596
1	0.490574	0.61558
1	0.490523	0.61558
1	0.490523	0.615516
1	0.490506	0.615516
1	0.490282	0.615501
1	0.490164	0.61555
1	0.490027	0.615526
1	0.489793	0.615517
1	0.489233	0.615455
1	0.488932	0.615253
1	0.488648	0.615052
1	0.488267	0.614865
1	0.488147	0.614682
1	0.488182	0.614659
1	0.488264	0.614667
1	0.488311	0.614697
1	0.488604	0.614751
1	0.488686	0.614789
1	0.488739	0.614806
1	0.48883	0.614785
1	0.488879	0.614755
1	0.488876	0.614686
1	0.488907	0.614702
1	0.488927	0.614695
1	0.488927	0.614722
1	0.488927	0.614722
1	0.488927	0.614722
1	0.488927	0.614722
1	0.48893	0.614722
1	0.48893	0.614707
1	0.48893	0.614707
1	0.48893	0.614707
1	0.488933	0.614692
1	0.488933	0.614676
1	0.488933	0.614676
1	0.488933	0.614691
1	0.488933	0.614691
1	0.488933	0.614691
1	0.488943	0.614691
1	0.488959	0.614689
1	0.488956	0.614668
1	0.488903	0.614684
1	0.488854	0.614634
1	0.488869	0.614583
1	0.488869	0.614561
1	0.488788	0.614561
1	0.488705	0.614546
1	0.488633	0.614514
1	0.488508	0.614451
1	0.488439	0.614324
1	0.488383	0.614246
1	0.488296	0.614153
1	0.488373	0.614052
1	0.488467	0.61385
1	0.488576	0.613832
1	0.488861	0.61386
1	0.489072	0.614021
1	0.489349	0.614137
1	0.489661	0.614238
1	0.490224	0.614376
1	0.490481	0.614648
1	0.490699	0.614752
1	0.490777	0.614878
1	0.490778	0.614967
1	0.490816	0.614982
1	0.490826	0.614973
1	0.490828	0.614913
1	0.490826	0.61491
1	0.490767	0.614913
1	0.49068	0.61495
1	0.490464	0.615022
1	0.49022	0.615082
1	0.489942	0.615104
1	0.489535	0.61506
1	0.488391	0.614996
1	0.487647	0.614832
1	0.48676	0.614719
1	0.484541	0.6146
1	0.483074	0.614175
1	0.481336	0.613888
1	0.479354	0.613529
1	0.474655	0.613166
1	0.471913	0.612315
1	0.468954	0.611831
1	0.465825	0.61123
1	0.459533	0.610547
1	0.456396	0.609159
1	0.450044	0.608444
1	0.446991	0.607061
1	0.441128	0.606371
1	0.438271	0.605008
1	0.435389	0.604311
1	0.432637	0.603612
1	0.427288	0.602985
1	0.424638	0.601923
1	0.422039	0.601339
1	0.417152	0.600767
1	0.414822	0.599712
1	0.412445	0.599169
1	0.410056	0.598588
1	0.405524	0.597982
1	0.403328	0.596705
1	0.401174	0.595976
1	0.399086	0.595178
1	0.395191	0.594379
1	0.393448	0.592812
1	0.391809	0.592019
1	0.388791	0.591231
1	0.387482	0.589702
1	0.386145	0.58906
1	0.38487	0.588412
1	0.382461	0.587773
1	0.381335	0.586573
1	0.380265	0.586016
1	0.378164	0.585481
1	0.3771	0.584608
1	0.376103	0.584221
1	0.375179	0.583809
1	0.373499	0.583338
1	0.372535	0.582237
1	0.371633	0.581681
1	0.369857	0.581116
1	0.36898	0.580287
1	0.368156	0.57992
1	0.367418	0.57956
1	0.366214	0.579342
1	0.365678	0.578999
1	0.365223	0.578836
1	0.364875	0.578694
1	0.364305	0.578603
1	0.364071	0.578304
1	0.363934	0.578136
1	0.3636	0.577989
1	0.363441	0.577819
1	0.363283	0.577734
1	0.363225	0.577703
1	0.3631	0.577697
1	0.363176	0.57754
1	0.363239	0.577349
1	0.363167	0.577116
1	0.363102	0.576796
1	0.362985	0.576688
1	0.362804	0.576627
1	0.362384	0.576622
1	0.362223	0.576724
1	0.362087	0.57677
1	0.362003	0.576781
1	0.36199	0.576823
1	0.36199	0.576814
1	0.36199	0.576832
1	0.361988	0.576832
1	0.362072	0.576841
1	0.36207	0.57687
1	0.362059	0.576897
1	0.362057	0.576897
1	0.362057	0.576924
1	0.362072	0.576924
1	0.362122	0.577046
1	0.362211	0.577262
1	0.362313	0.577403
1	0.36239	0.577554
1	0.362528	0.577672
1	0.362592	0.57794
1	0.362685	0.578104
1	0.362753	0.578246
1	0.362768	0.578355
1	0.362768	0.578477
1	0.362766	0.578477
1	0.362766	0.578486
1	0.36272	0.578486
1	0.362641	0.578471
1	0.36263	0.578442
1	0.362457	0.578442
1	0.362383	0.578472
1	0.362285	0.578502
1	0.362124	0.578571
1	0.362039	0.57867
1	0.361972	0.578712
1	0.361856	0.578733
1	0.361766	0.578646
1	0.361693	0.578532
1	0.361616	0.578421
1	0.361547	0.578347
1	0.361519	0.578281
1	0.361517	0.57824
1	0.361517	0.578249
1	0.361517	0.578267
1	0.361514	0.578267
1	0.361503	0.578276
1	0.361432	0.578294
1	0.361346	0.578237
1	0.361257	0.578234
1	0.361097	0.578196
1	0.361006	0.5781
1	0.360912	0.578016
1	0.36083	0.577901
1	0.360538	0.577855
1	0.360395	0.577777
1	0.360267	0.577759
1	0.360143	0.577759
1	0.359908	0.577706
1	0.359741	0.577531
1	0.359542	0.577502
1	0.359252	0.577464
1	0.358482	0.577426
1	0.357994	0.577294
1	0.356891	0.577222
1	0.356316	0.576814
1	0.355781	0.576509
1	0.355286	0.576184
1	0.3543	0.575909
1	0.353934	0.575359
1	0.353387	0.575121
1	0.353335	0.574787
1	0.353427	0.574833
1	0.353758	0.574987
1	0.35564	0.575225
1	0.357208	0.576366
1	0.359195	0.577377
1	0.361591	0.578653
1	0.367605	0.58027
1	0.371213	0.584364
1	0.375003	0.586619
1	0.382825	0.58899
1	0.382825	0.593605
1	0.391452	0.593605
1	0.395954	0.597653
1	0.404535	0.599562
1	0.408894	0.603291
1	0.413248	0.604973
1	0.421885	0.606396
1	0.426349	0.608811
1	0.430569	0.609697
1	0.434522	0.610424
1	0.442271	0.610932
1	0.446119	0.611412
1	0.449912	0.611507
1	0.456923	0.611475
1	0.460595	0.61182
1	0.464199	0.612178
1	0.467533	0.612603
1	0.470629	0.613097
1	0.476564	0.613591
1	0.478857	0.614659
1	0.480541	0.615308
1	0.482441	0.615981
1	0.48261	0.61741
1	0.481884	0.618054
1	0.479978	0.618615
1	0.474308	0.619482
1	0.470741	0.621246
1	0.461482	0.622204
1	0.455762	0.624272
1	0.449441	0.625106
1	0.442842	0.625653
1	0.4285	0.625873
1	0.42077	0.625445
1	0.412681	0.624821
1	0.396915	0.624008
1	0.389213	0.621933
1	0.382066	0.620201
1	0.375574	0.618046
1	0.365247	0.615165
1	0.360236	0.60917
1	0.355656	0.605561
1	0.349472	0.60147
1	0.348419	0.593026
1	0.348491	0.589246
1	0.349334	0.58559
1	0.350861	0.581801
1	0.355787	0.578289
1	0.358588	0.571819
1	0.361622	0.569073
1	0.368047	0.566558
1	0.370864	0.562014
1	0.373438	0.560004
1	0.376116	0.557978
1	0.381801	0.556297
1	0.384186	0.554715
1	0.386014	0.553628
1	0.38929	0.551987
1	0.391561	0.550474
1	0.394336	0.551229
1	0.397527	0.552747
1	0.401184	0.554599
1	0.408496	0.555946
1	0.412773	0.558447
1	0.417356	0.560597
1	0.421745	0.563854
1	0.425637	0.568125
1	0.432167	0.572693
1	0.435527	0.581627
1	0.441199	0.586646
1	0.442923	0.597646
1	0.443961	0.602763
1	0.445246	0.607374
1	0.445574	0.616215
1	0.444967	0.620805
1	0.443585	0.625016
1	0.437823	0.628882
1	0.433095	0.635396
1	0.421061	0.637928
1	0.421061	0.641139
1	0.406004	0.641139
1	0.397969	0.6415
1	0.389814	0.640385
1	0.373925	0.638982
1	0.367187	0.63486
1	0.361237	0.632532
1	0.35588	0.63049
1	0.345502	0.627948
1	0.340708	0.619534
1	0.337395	0.614307
1	0.334017	0.609383
1	0.333271	0.598945
1	0.332661	0.593988
1	0.33231	0.589172
1	0.332039	0.584791
1	0.332141	0.578094
1	0.332558	0.576067
1	0.33316	0.57514
1	0.334352	0.575152
1	0.335101	0.579104
1	0.335951	0.583005
1	0.338556	0.587619
1	0.340353	0.598146
1	0.342491	0.603911
1	0.345216	0.610366
1	0.353174	0.617399
1	0.358893	0.63135
1	0.373353	0.638115
1	0.381927	0.649815
1	0.391192	0.654329
1	0.400893	0.657836
1	0.421913	0.660151
1	0.43278	0.661878
1	0.442796	0.661111
1	0.460228	0.659458
1	0.468353	0.654199
1	0.475611	0.650748
1	0.481978	0.647012
1	0.492399	0.643421
1	0.496973	0.636245
1	0.50131	0.632725
1	0.508972	0.629153
1	0.51146	0.62252
1	0.512852	0.619781
1	0.513539	0.617439
1	0.513	0.61555
1	0.508176	0.614382
1	0.50449	0.614081
1	0.499992	0.614623
1	0.487396	0.615277
1	0.479483	0.617071
1	0.470814	0.617854
1	0.461759	0.618603
1	0.442468	0.619432
1	0.432627	0.61977
1	0.42279	0.61944
1	0.403974	0.618804
1	0.396074	0.615918
1	0.389296	0.613718
1	0.383377	0.611412
1	0.373627	0.608785
1	0.370214	0.600996
1	0.368403	0.595257
1	0.370023	0.589251
1	0.373155	0.578793
1	0.377149	0.573395
1	0.381717	0.56638
1	0.38682	0.558899
1	0.397911	0.552061
1	0.403834	0.541
1	0.413162	0.536956
1	0.415959	0.529389
1	0.417529	0.527535
1	0.41757	0.52688
1	0.416224	0.527504
1	0.410192	0.529179
1	0.406179	0.534536
1	0.397108	0.538074
1	0.392222	0.546652
1	0.387426	0.55108
1	0.382938	0.556311
1	0.378569	0.562217
1	0.3703	0.568496
1	0.366565	0.58218
1	0.360999	0.589653
1	0.359437	0.605098
1	0.358344	0.612889
1	0.35783	0.620538
1	0.358175	0.627759
1	0.361416	0.634803
1	0.364271	0.646914
1	0.367981	0.651635
1	0.377326	0.655684
1	0.382742	0.661494
1	0.389334	0.663368
1	0.396679	0.664762
1	0.411081	0.665726
1	0.418933	0.665669
1	0.426552	0.664598
1	0.439879	0.662629
1	0.446239	0.656989
1	0.451791	0.653802
1	0.455834	0.650873
1	0.460222	0.648093
1	0.461489	0.6418
1	0.461507	0.638715
1	0.458127	0.636451
1	0.4555	0.634426
1	0.452677	0.634573
1	0.449061	0.63512
1	0.437978	0.635958
1	0.431565	0.637836
1	0.424922	0.638697
1	0.410398	0.639414
1	0.402964	0.639626
1	0.395961	0.639125
1	0.389766	0.638225
1	0.383865	0.637116
1	0.372678	0.635625
1	0.368159	0.630977
1	0.361037	0.628288
1	0.358134	0.623525
1	0.355819	0.621122
1	0.354412	0.618899
1	0.353588	0.616705
1	0.352337	0.614976
1	0.351525	0.611579
1	0.350594	0.609495
1	0.349446	0.607241
1	0.348924	0.602824
1	0.348949	0.59686
1	0.349359	0.593613
1	0.350321	0.591432
1	0.352172	0.590125
1	0.352272	0.587862
1	0.352143	0.58669
1	0.35122	0.585992
1	0.350327	0.58581
1	0.349242	0.585872
1	0.348299	0.58602
1	0.34682	0.586715
1	0.346332	0.591357
1	0.346221	0.594263
1	0.346514	0.597476
1	0.348937	0.601321
1	0.350499	0.610934
1	0.352092	0.616053
1	0.356858	0.620986
1	0.360959	0.631153
1	0.366335	0.63588
1	0.372335	0.639825
1	0.385558	0.642779
1	0.393397	0.64652
1	0.40203	0.647662
1	0.419824	0.648158
1	0.428149	0.646267
1	0.436318	0.643715
1	0.444047	0.640061
1	0.454389	0.635273
1	0.457384	0.622775
1	0.46018	0.615406
1	0.464101	0.607859
1	0.464593	0.593704
1	0.464412	0.587669
1	0.464379	0.581316
1	0.465093	0.575269
1	0.465145	0.565272
1	0.464596	0.561463
1	0.461679	0.558405
1	0.458925	0.552564
1	0.458925	0.55031
1	0.448329	0.55031
1	0.44339	0.55117
1	0.437819	0.552727
1	0.431672	0.55466
1	0.419024	0.556607
1	0.412781	0.561453
1	0.40661	0.564256
1	0.40042	0.566737
1	0.394377	0.569693
1	0.383692	0.573033
1	0.379432	0.57998
1	0.373098	0.583649
1	0.370967	0.591499
1	0.370967	0.595547
1	0.368951	0.595547
1	0.368881	0.604237
1	0.370726	0.60875
1	0.37285	0.617909
1	0.3761	0.621921
1	0.384841	0.62564
1	0.38991	0.632264
1	0.395669	0.63477
1	0.402514	0.636899
1	0.418316	0.639034
1	0.426577	0.643031
1	0.43461	0.644315
1	0.449956	0.645101
1	0.457053	0.644924
1	0.463952	0.644773
1	0.470621	0.644376
1	0.484338	0.642991
1	0.490554	0.637543
1	0.49581	0.63537
1	0.504548	0.633898
1	0.507564	0.631976
1	0.509016	0.631439
1	0.508604	0.631524
1	0.502114	0.632249
1	0.496796	0.634709
1	0.490452	0.636124
1	0.474383	0.637495
1	0.465315	0.639188
1	0.456558	0.639213
1	0.448013	0.63873
1	0.428878	0.638188
1	0.41912	0.635353
1	0.41056	0.632403
1	0.398981	0.629233
1	0.394342	0.623336
1	0.389679	0.62017
1	0.385811	0.616012
1	0.383035	0.611375
1	0.38326	0.603235
1	0.384398	0.600019
1	0.389296	0.596662
1	0.393474	0.586853
1	0.398755	0.581273
1	0.404916	0.575978
1	0.418214	0.571663
1	0.42465	0.563356
1	0.430848	0.559612
1	0.441752	0.556762
1	0.445462	0.553767
1	0.447485	0.553122
1	0.447959	0.554022
1	0.443888	0.556122
1	0.439795	0.561507
1	0.435207	0.564192
1	0.424778	0.567063
1	0.419159	0.57377
1	0.413677	0.577205
1	0.408774	0.580977
1	0.400733	0.585159
1	0.397277	0.593805
1	0.394017	0.597544
1	0.390954	0.601323
1	0.386097	0.605
1	0.384825	0.61173
1	0.384484	0.615095
1	0.386267	0.61864
1	0.388297	0.625287
1	0.391169	0.628478
1	0.394779	0.631004
1	0.404621	0.63285
1	0.410771	0.634679
1	0.416921	0.634244
1	0.422758	0.633099
1	0.435362	0.631497
1	0.440966	0.62744
1	0.445486	0.62504
1	0.450291	0.622983
1	0.459987	0.621429
1	0.464055	0.618082
1	0.466972	0.617171
1	0.469948	0.616424
1	0.476639	0.615703
1	0.479381	0.61479
1	0.481453	0.614527
1	0.483608	0.614444
1	0.489602	0.614895
1	0.492623	0.615091
1	0.495423	0.615259
1	0.500157	0.615571
1	0.502384	0.61726
1	0.504245	0.618216
1	0.505655	0.618908
1	0.507592	0.619467
1	0.508268	0.620692
1	0.508955	0.621017
1	0.510168	0.621366
1	0.510657	0.622231
1	0.5111	0.622531
1	0.511723	0.622821
1	0.51276	0.623051
1	0.515208	0.623441
1	0.5164	0.624301
1	0.518633	0.624784
1	0.519366	0.625833
1	0.51989	0.626096
1	0.520242	0.626215
1	0.520635	0.626112
1	0.520735	0.625929
1	0.520714	0.625831
1	0.520585	0.625721
1	0.520641	0.625493
1	0.520564	0.625371
1	0.520387	0.625384
1	0.520049	0.625365
1	0.519941	0.625189
1	0.519843	0.625057
1	0.519589	0.624961
1	0.519589	0.624751
1	0.519614	0.624751
1	0.519656	0.624699
1	0.519748	0.624748
1	0.519817	0.624705
1	0.519841	0.624682
1	0.519924	0.624754
1	0.520003	0.624739
1	0.519948	0.624504
1	0.519948	0.624454
1	0.519948	0.624454
1	0.519952	0.624423
1	0.519952	0.624311
1	0.519952	0.624311
1	0.520289	0.624297
1	0.520695	0.624311
1	0.521156	0.624364
1	0.522402	0.624497
1	0.523096	0.624736
1	0.523699	0.624974
1	0.524307	0.625195
1	0.525386	0.625257
1	0.525842	0.625363
1	0.526392	0.625419
1	0.5269	0.625471
1	0.52769	0.625593
1	0.527919	0.625925
1	0.528085	0.626051
1	0.528176	0.626134
1	0.527962	0.626181
1	0.527761	0.626183
1	0.527513	0.626214
1	0.526355	0.626269
1	0.525123	0.626366
1	0.523001	0.626573
1	0.520225	0.62693
1	0.517044	0.627226
1	0.508776	0.627471
1	0.504185	0.628392
1	0.499498	0.62908
1	0.494772	0.629625
1	0.485384	0.630041
1	0.48105	0.630352
1	0.476943	0.630054
1	0.472853	0.629614
1	0.465349	0.628885
1	0.461791	0.627056
1	0.458579	0.626005
1	0.452285	0.625042
1	0.449103	0.623309
1	0.446034	0.622557
1	0.44302	0.621844
1	0.439883	0.621024
1	0.43366	0.620026
1	0.430843	0.617762
1	0.425631	0.616511
1	0.423391	0.613697
1	0.421492	0.612098
1	0.419935	0.610543
1	0.417549	0.608738
1	0.416882	0.604872
1	0.416427	0.602571
1	0.41635	0.600349
1	0.41596	0.598269
1	0.415272	0.5942
1	0.414208	0.592046
1	0.411927	0.58992
1	0.410893	0.586489
1	0.40964	0.584935
1	0.408211	0.583091
1	0.40555	0.581146
1	0.40462	0.577529
1	0.404039	0.575949
1	0.40394	0.574624
1	0.40443	0.572655
1	0.405128	0.572127
1	0.405682	0.571782
1	0.406169	0.571621
1	0.407955	0.571543
1	0.409104	0.57208
1	0.410085	0.572628
1	0.411392	0.573072
1	0.412084	0.573911
1	0.412989	0.574391
1	0.414982	0.575047
1	0.415837	0.576534
1	0.416773	0.577194
1	0.41781	0.577821
1	0.419852	0.578486
1	0.420814	0.579503
1	0.421686	0.579606
1	0.42261	0.579302
1	0.42495	0.578684
1	0.42629	0.576881
1	0.427837	0.575653
1	0.431772	0.574118
1	0.434126	0.570484
1	0.436602	0.568662
1	0.4388	0.566781
1	0.441101	0.5647
1	0.446541	0.562619
1	0.449238	0.558972
1	0.454102	0.55729
1	0.456439	0.553804
1	0.458736	0.552509
1	0.461012	0.551547
1	0.465159	0.550752
1	0.467014	0.549429
1	0.468814	0.548902
1	0.472271	0.548316
1	0.473657	0.547274
1	0.474941	0.546921
1	0.476329	0.546526
1	0.479059	0.546152
1	0.480249	0.545632
1	0.481323	0.545516
1	0.482462	0.545334
1	0.484756	0.545171
1	0.48587	0.544873
1	0.486911	0.544662
1	0.488909	0.544425
1	0.489906	0.544044
1	0.490954	0.543979
1	0.492996	0.543905
1	0.493979	0.543401
1	0.495021	0.543133
1	0.496168	0.542956
1	0.497219	0.542719
1	0.499191	0.542459
1	0.500215	0.541923
1	0.501198	0.541574
1	0.502846	0.541243
1	0.503633	0.540364
1	0.503633	0.539648
1	0.505277	0.539648
1	0.506182	0.537932
1	0.50717	0.537036
1	0.50805	0.536186
1	0.508759	0.535428
1	0.508759	0.534658
1	0.510818	0.534658
1	0.512109	0.532352
1	0.512957	0.531291
1	0.513767	0.53085
1	0.514438	0.530415
1	0.515096	0.530001
1	0.516351	0.529511
1	0.517126	0.528603
1	0.517442	0.52758
1	0.517902	0.527016
1	0.51801	0.525877
1	0.518062	0.525407
1	0.518245	0.525046
1	0.518422	0.52463
1	0.518553	0.524508
1	0.518713	0.524363
1	0.518792	0.52423
1	0.51919	0.52414
1	0.519313	0.523616
1	0.519524	0.52313
1	0.519575	0.521688
1	0.519639	0.520774
1	0.519728	0.51976
1	0.519746	0.518687
1	0.519909	0.517592
1	0.520103	0.51536
1	0.520103	0.514257
1	0.520579	0.514257
1	0.520891	0.511983
1	0.521059	0.509787
1	0.521434	0.508638
1	0.521584	0.506162
1	0.521973	0.505008
1	0.52225	0.503322
1	0.522598	0.502829
1	0.522989	0.502537
1	0.523343	0.502417
1	0.523959	0.502359
1	0.524219	0.502436
1	0.524655	0.502496
1	0.524805	0.502435
1	0.524805	0.502387
1	0.524996	0.502387
1	0.525059	0.502121
1	0.525128	0.501863
1	0.525166	0.501289
1	0.525177	0.500996
1	0.525266	0.500666
1	0.525302	0.499944
1	0.525353	0.499591
1	0.525418	0.499281
1	0.525571	0.498981
1	0.525646	0.498421
1	0.525838	0.49816
1	0.525936	0.497742
1	0.526028	0.497523
1	0.526048	0.497294
1	0.526045	0.497077
1	0.525993	0.496938
1	0.525909	0.496768
1	0.525572	0.496804
1	0.525204	0.497213
1	0.524642	0.497661
1	0.523742	0.498399
1	0.522516	0.499372
1	0.519367	0.500592
1	0.517184	0.503431
1	0.514571	0.50488
1	0.511811	0.506256
1	0.508939	0.507495
1	0.503013	0.508598
1	0.49993	0.510639
1	0.49372	0.511635
1	0.490741	0.513006
1	0.487917	0.513457
1	0.482534	0.513923
1	0.479854	0.514349
1	0.477411	0.514322
1	0.475324	0.514374
1	0.471752	0.514482
1	0.469854	0.514237
1	0.467811	0.513901
1	0.463408	0.513548
1	0.460953	0.51255
1	0.456246	0.511837
1	0.456246	0.510739
1	0.452677	0.510739
1	0.451204	0.51009
1	0.449894	0.509808
1	0.44886	0.509681
1	0.448028	0.509604
1	0.448072	0.509518
1	0.448298	0.509516
1	0.448678	0.509566
1	0.448722	0.510074
1	0.448652	0.510394
1	0.44841	0.510592
1	0.447146	0.510696
1	0.446273	0.510682
1	0.445437	0.510761
1	0.443501	0.510851
1	0.442208	0.510843
1	0.440895	0.510713
1	0.439361	0.510512
1	0.435956	0.510345
1	0.434225	0.509931
1	0.432329	0.509598
1	0.428033	0.50909
1	0.425748	0.507931
1	0.423634	0.507202
1	0.421755	0.506421
1	0.418212	0.505787
1	0.416407	0.504393
1	0.414729	0.503701
1	0.413294	0.503023
1	0.411031	0.502346
1	0.410129	0.501325
1	0.409618	0.501
1	0.409576	0.50085
1	0.410423	0.500759
1	0.411159	0.50063
1	0.41277	0.500496
1	0.418544	0.500614
1	0.421616	0.501944
1	0.424414	0.503557
1	0.426587	0.505551
1	0.431076	0.508092
1	0.433075	0.514942
1	0.434532	0.519863
1	0.435032	0.52488
1	0.435303	0.530368
1	0.435314	0.542164
1	0.435361	0.548103
1	0.435487	0.55402
1	0.43611	0.566097
1	0.43714	0.572017
1	0.438689	0.577766
1	0.443068	0.583397
1	0.445685	0.594306
1	0.448179	0.598859
1	0.452809	0.602921
1	0.45526	0.60878
1	0.457429	0.610727
1	0.459516	0.612241
1	0.461434	0.613145
1	0.465402	0.613838
1	0.467696	0.614341
1	0.472284	0.614472
1	0.474991	0.614874
1	0.477898	0.615338
1	0.480798	0.616115
1	0.483423	0.617193
1	0.485658	0.618366
1	0.489055	0.619373
1	0.491154	0.620595
1	0.491453	0.621085
1	0.491379	0.620921
1	0.491266	0.62061
1	0.491183	0.62026
1	0.490948	0.619963
1	0.490724	0.619338
1	0.490546	0.61895
1	0.490478	0.618577
1	0.49003	0.618261
1	0.489693	0.617599
1	0.489439	0.617127
1	0.488993	0.616628
1	0.488683	0.615633
1	0.488497	0.615145
1	0.488292	0.61472
1	0.488156	0.61439
1	0.488036	0.614059
1	0.487992	0.613447
1	0.487903	0.613264
1	0.487905	0.613145
1	0.487905	0.613115
1	0.487859	0.6131
1	0.487822	0.613054
1	0.48775	0.612989
1	0.48775	0.61286
1	0.487722	0.61286
1	0.487726	0.612748
1	0.487738	0.612472
1	0.487759	0.612308
1	0.4878	0.612155
1	0.487856	0.612
1	0.487932	0.611623
1	0.487972	0.611445
1	0.488131	0.611305
1	0.488195	0.611128
1	0.488195	0.611057
1	0.488278	0.611057
1	0.488334	0.611144
1	0.488479	0.61125
1	0.488504	0.611325
1	0.488504	0.611335
1	0.488506	0.61132
1	0.488504	0.611305
1	0.488506	0.611307
1	0.488506	0.611277
1	0.488588	0.611277
1	0.488715	0.611067
1	0.48875	0.611012
1	0.488851	0.611004
1	0.488884	0.611011
1	0.488944	0.610873
1	0.489038	0.610732
1	0.489219	0.610538
1	0.489279	0.610248
1	0.48937	0.610251
1	0.489482	0.610261
1	0.48956	0.610328
1	0.489562	0.610373
1	0.489653	0.610358
1	0.489687	0.610339
1	0.48975	0.610274
1	0.489757	0.610232
1	0.489757	0.610199
1	0.489855	0.610199
1	0.489855	0.610105
1	0.489855	0.610105
1	0.489865	0.610105
1	0.489947	0.610027
2	0.834448	0.517463
2	0.834399	0.517585
2	0.834362	0.517826
2	0.834362	0.517901
2	0.834362	0.517901
2	0.834265	0.517894
2	0.834206	0.518019
2	0.834089	0.518055
2	0.834107	0.517782
2	0.834099	0.51757
2	0.834056	0.517421
2	0.834014	0.51739
2	0.833956	0.517375
2	0.833956	0.517392
2	0.833932	0.517392
2	0.833887	0.517333
2	0.833868	0.517343
2	0.833868	0.517351
2	0.833868	0.517351
2	0.833833	0.517358
2	0.833858	0.517487
2	0.833946	0.517565
2	0.833967	0.517698
2	0.834013	0.517772
2	0.834056	0.517791
2	0.834084	0.517847
2	0.834108	0.517932
2	0.834082	0.517918
2	0.834023	0.517791
2	0.833016	0.517692
2	0.831969	0.517793
2	0.83077	0.517873
2	0.827938	0.518007
2	0.825831	0.518742
2	0.823323	0.519243
2	0.82076	0.520159
2	0.814561	0.521312
2	0.810833	0.523413
2	0.806649	0.524501
2	0.802351	0.525804
2	0.795158	0.527478
2	0.792673	0.532673
2	0.790646	0.536026
2	0.7884	0.539533
2	0.788048	0.546055
2	0.78825	0.548667
2	0.788978	0.551283
2	0.792516	0.553784
2	0.794001	0.559809
2	0.796865	0.561372
2	0.798677	0.564313
2	0.800581	0.56507
2	0.802719	0.565128
2	0.805121	0.564469
2	0.810395	0.562916
2	0.812924	0.557449
2	0.815072	0.554134
2	0.818651	0.550981
2	0.820017	0.544917
2	0.821423	0.542097
2	0.82265	0.539343
2	0.823576	0.536663
2	0.823742	0.534465
2	0.822848	0.532622
2	0.821869	0.532416
2	0.820811	0.532441
2	0.817894	0.53286
2	0.816106	0.534468
2	0.814466	0.535336
2	0.812611	0.536118
2	0.811881	0.536852
2	0.810784	0.537003
2	0.807657	0.536797
2	0.805523	0.536795
2	0.802567	0.537641
2	0.799034	0.53821
2	0.792399	0.538745
2	0.788664	0.540718
2	0.780973	0.540697
2	0.777417	0.540578
2	0.774198	0.541368
2	0.771784	0.541934
2	0.770376	0.542992
2	0.770028	0.5441
2	0.770993	0.546476
2	0.772592	0.548255
2	0.774441	0.549954
2	0.77889	0.551419
2	0.78131	0.55355
2	0.783476	0.5542
2	0.785523	0.554953
2	0.788362	0.555699
2	0.789376	0.556874
2	0.790145	0.557481
2	0.791073	0.558181
2	0.793384	0.55878
2	0.795073	0.559578
2	0.797034	0.559332
2	0.802417	0.558302
2	0.805313	0.554406
2	0.808134	0.551831
2	0.811022	0.549258
2	0.816985	0.546317
2	0.820088	0.540624
2	0.823097	0.538086
2	0.828527	0.53543
2	0.830506	0.530739
2	0.832562	0.529238
2	0.83444	0.527904
2	0.836353	0.526864
2	0.836553	0.526203
2	0.836151	0.526327
2	0.833831	0.527204
2	0.832733	0.528977
2	0.832124	0.529502
2	0.829572	0.530412
2	0.826997	0.533276
2	0.823694	0.535136
2	0.819886	0.537254
2	0.811581	0.53904
2	0.807174	0.541681
2	0.802543	0.54314
2	0.797829	0.544695
2	0.789633	0.545435
2	0.787199	0.545834
2	0.785631	0.546032
2	0.784908	0.545632
2	0.785194	0.545211
2	0.785948	0.545089
2	0.786982	0.545392
2	0.789892	0.545975
2	0.791581	0.547645
2	0.793328	0.548486
2	0.795012	0.548762
2	0.798084	0.549051
2	0.799586	0.550085
2	0.80086	0.550665
2	0.801854	0.551309
2	0.802641	0.551954
2	0.805068	0.552728
2	0.806608	0.554045
2	0.809648	0.554276
2	0.811452	0.554191
2	0.813477	0.553499
2	0.815669	0.552175
2	0.82003	0.550367
2	0.823772	0.546533
2	0.825355	0.542404
2	0.826434	0.54057
2	0.827391	0.538878
2	0.828058	0.536476
2	0.828327	0.535262
2	0.827779	0.534564
2	0.826993	0.534072
2	0.827334	0.531988
2	0.8274	0.531092
2	0.825483	0.530124
2	0.824047	0.528557
2	0.822177	0.528738
2	0.819166	0.529374
2	0.809925	0.53023
2	0.804877	0.531091
2	0.800576	0.532204
2	0.792083	0.533127
2	0.792083	0.532284
2	0.784098	0.532284
2	0.780084	0.53214
2	0.773011	0.531091
2	0.770538	0.530263
2	0.768237	0.531344
2	0.765537	0.532526
2	0.765034	0.536311
2	0.76507	0.538457
2	0.765603	0.540622
2	0.767611	0.542574
2	0.768699	0.54564
2	0.769631	0.54727
2	0.770647	0.548756
2	0.772968	0.550172
2	0.774483	0.55272
2	0.774483	0.554109
2	0.777857	0.554109
2	0.781647	0.557262
2	0.78377	0.560216
2	0.785956	0.561295
2	0.790908	0.562343
2	0.793616	0.563989
2	0.796521	0.564532
2	0.802087	0.564317
2	0.804806	0.562185
2	0.806813	0.561144
2	0.807981	0.56014
2	0.808624	0.559377
2	0.807368	0.557441
2	0.805593	0.556356
2	0.803246	0.554817
2	0.801854	0.551361
2	0.800439	0.549597
2	0.798586	0.548016
2	0.792185	0.547184
2	0.787562	0.5459
2	0.782643	0.544686
2	0.772368	0.544305
2	0.767507	0.540578
2	0.763271	0.537688
2	0.75926	0.536299
2	0.750258	0.535785
2	0.745538	0.533269
2	0.741087	0.532291
2	0.734478	0.532755
2	0.732724	0.537154
2	0.731914	0.540097
2	0.731908	0.543066
2	0.732527	0.546336
2	0.736451	0.54983
2	0.739149	0.55699
2	0.741774	0.560016
2	0.74679	0.562886
2	0.748856	0.567721
2	0.750813	0.569048
2	0.755248	0.570618
2	0.757889	0.57381
2	0.760479	0.574904
2	0.763165	0.57545
2	0.76567	0.575568
2	0.771729	0.575547
2	0.774898	0.574196
2	0.778138	0.572851
2	0.784633	0.570781
2	0.787974	0.566004
2	0.791587	0.563034
2	0.799445	0.559775
2	0.803147	0.552746
2	0.806605	0.549285
2	0.809701	0.546069
2	0.814446	0.543752
2	0.815729	0.541717
2	0.816695	0.540932
2	0.816285	0.540618
2	0.814878	0.541911
2	0.813981	0.541688
2	0.813648	0.541223
2	0.811226	0.541495
2	0.808191	0.544092
2	0.804346	0.545232
2	0.79506	0.546001
2	0.789676	0.546242
2	0.783645	0.545485
2	0.776921	0.54453
2	0.763619	0.542673
2	0.757612	0.535519
2	0.751799	0.532444
2	0.740078	0.530226
2	0.736166	0.531047
2	0.733863	0.532651
2	0.732961	0.534835
2	0.734332	0.537882
2	0.736142	0.54577
2	0.738584	0.550402
2	0.743975	0.555176
2	0.746711	0.56251
2	0.749966	0.565432
2	0.753517	0.56821
2	0.761619	0.570799
2	0.765153	0.574837
2	0.768578	0.576005
2	0.775888	0.576874
2	0.779451	0.577652
2	0.783146	0.577257
2	0.786859	0.576058
2	0.793599	0.574104
2	0.79677	0.568205
2	0.799927	0.564724
2	0.805727	0.56115
2	0.808635	0.554798
2	0.811735	0.552426
2	0.815166	0.55072
2	0.818819	0.549273
2	0.825189	0.548126
2	0.827196	0.54722
2	0.828346	0.547302
2	0.828914	0.54789
2	0.828112	0.550511
2	0.827119	0.551984
2	0.82614	0.553137
2	0.823438	0.554297
2	0.821387	0.556882
2	0.819266	0.557635
2	0.817259	0.55796
2	0.811408	0.558036
2	0.807446	0.557645
2	0.803431	0.556087
2	0.795506	0.553418
2	0.791425	0.548267
2	0.787092	0.545695
2	0.778397	0.542123
2	0.774924	0.536441
2	0.772405	0.535506
2	0.771009	0.535072
2	0.770773	0.535178
2	0.771632	0.538188
2	0.772816	0.540856
2	0.773963	0.543769
2	0.777295	0.546241
2	0.779391	0.550387
2	0.781271	0.55251
2	0.784925	0.554355
2	0.786872	0.557866
2	0.7885	0.559134
2	0.790357	0.559987
2	0.794473	0.56053
2	0.796347	0.560084
2	0.798377	0.559213
2	0.800653	0.558068
2	0.804971	0.556341
2	0.807311	0.551895
2	0.809829	0.549365
2	0.814624	0.546829
2	0.817051	0.542846
2	0.819564	0.541655
2	0.822091	0.540743
2	0.82569	0.540274
2	0.826368	0.540941
2	0.826366	0.542013
2	0.825708	0.543513
2	0.824528	0.545258
2	0.823049	0.546484
2	0.82263	0.547914
2	0.820611	0.548479
2	0.81876	0.549846
2	0.816777	0.550447
2	0.814607	0.550584
2	0.809181	0.550198
2	0.805435	0.548998
2	0.802409	0.547835
2	0.795895	0.546379
2	0.792737	0.544156
2	0.789656	0.543432
2	0.787071	0.54331
2	0.785281	0.543912
2	0.78358	0.544237
2	0.783542	0.54558
2	0.783867	0.546933
2	0.785185	0.548283
2	0.786548	0.551239
2	0.788213	0.552915
2	0.789601	0.554238
2	0.792292	0.555417
2	0.794015	0.556894
2	0.795482	0.557037
2	0.796356	0.556776
2	0.795906	0.555444
2	0.795578	0.55455
2	0.795527	0.553461
2	0.796252	0.552182
2	0.799194	0.550446
2	0.801203	0.547148
2	0.8038	0.545856
2	0.810102	0.54495
2	0.813228	0.544787
2	0.816095	0.545033
2	0.818395	0.545701
2	0.820445	0.546573
2	0.819997	0.549756
2	0.81901	0.55217
2	0.817753	0.554264
2	0.815892	0.555931
2	0.814535	0.55863
2	0.812553	0.560001
2	0.807465	0.561378
2	0.805416	0.562865
2	0.80364	0.562767
2	0.798714	0.561985
2	0.796206	0.55877
2	0.794162	0.556048
2	0.79196	0.553131
2	0.788915	0.550448
2	0.782553	0.548128
2	0.780022	0.54309
2	0.77751	0.540588
2	0.772001	0.538355
2	0.76967	0.534791
2	0.768013	0.533441
2	0.767383	0.53292
2	0.76824	0.532942
2	0.76894	0.533043
2	0.76894	0.53349
2	0.772311	0.53349
2	0.774013	0.537735
2	0.775866	0.539015
2	0.777922	0.540191
2	0.783216	0.541302
2	0.785876	0.543367
2	0.790922	0.544193
2	0.793538	0.545767
2	0.796275	0.546533
2	0.799746	0.547413
2	0.803193	0.548216
2	0.810207	0.548659
2	0.813422	0.548147
2	0.816554	0.547271
2	0.82248	0.546342
2	0.825115	0.544866
2	0.827559	0.54395
2	0.829212	0.543567
2	0.829184	0.543839
2	0.82795	0.546779
2	0.826359	0.549007
2	0.822524	0.551092
2	0.820954	0.55325
2	0.820024	0.553051
2	0.819206	0.552286
2	0.816742	0.551532
2	0.814956	0.550785
2	0.812888	0.550685
2	0.807162	0.550561
2	0.803657	0.551179
2	0.800753	0.551417
2	0.798498	0.551046
2	0.793891	0.550014
2	0.791836	0.545698
2	0.789921	0.543603
2	0.786033	0.542407
2	0.784705	0.540963
2	0.784263	0.540951
2	0.784344	0.54158
2	0.784919	0.5428
2	0.787722	0.544122
2	0.789765	0.545742
2	0.791886	0.545912
2	0.795654	0.545843
2	0.79709	0.545287
2	0.798313	0.544793
2	0.799392	0.544357
2	0.801641	0.543954
2	0.803065	0.54315
2	0.804606	0.542596
2	0.806354	0.541857
2	0.808353	0.54106
2	0.813195	0.540223
2	0.815908	0.538419
2	0.820962	0.537802
2	0.823573	0.537373
2	0.826191	0.538257
2	0.82873	0.539573
2	0.830889	0.540751
2	0.831987	0.541899
2	0.831597	0.544563
2	0.831062	0.545903
2	0.828305	0.547246
2	0.828305	0.548678
2	0.825646	0.548678
2	0.824541	0.547498
2	0.820945	0.546669
2	0.819103	0.543636
2	0.816668	0.541833
2	0.809986	0.539698
2	0.806727	0.533878
2	0.803331	0.531092
2	0.799666	0.528448
2	0.792736	0.525367
2	0.789284	0.520005
2	0.785196	0.518106
2	0.77718	0.516361
2	0.774748	0.515783
2	0.77365	0.517666
2	0.773392	0.520184
2	0.773743	0.52263
2	0.776046	0.525209
2	0.778145	0.531479
2	0.780462	0.534781
2	0.785235	0.53785
2	0.787861	0.542523
2	0.790756	0.544256
2	0.794026	0.545578
2	0.800057	0.546625
2	0.802474	0.547118
2	0.805087	0.546762
2	0.810493	0.546305
2	0.810493	0.544383
2	0.813271	0.544383
2	0.819089	0.54306
2	0.824263	0.539835
2	0.826603	0.536624
2	0.829023	0.535329
2	0.831292	0.534378
2	0.835487	0.533743
2	0.837484	0.532577
2	0.838639	0.531775
2	0.838298	0.531842
2	0.837238	0.532884
2	0.836307	0.534311
2	0.835026	0.535011
2	0.833449	0.535811
2	0.830285	0.536706
2	0.827948	0.538911
2	0.824694	0.53999
2	0.817144	0.540884
2	0.813067	0.540711
2	0.809405	0.54
2	0.805963	0.53952
2	0.798894	0.538918
2	0.795218	0.53733
2	0.791894	0.536939
2	0.789634	0.537024
2	0.789082	0.537648
2	0.789735	0.540382
2	0.790629	0.54165
2	0.792787	0.543047
2	0.794257	0.546448
2	0.795805	0.54779
2	0.798891	0.548528
2	0.800412	0.54903
2	0.802125	0.549
2	0.803922	0.548769
2	0.807144	0.5483
2	0.808555	0.547181
2	0.809754	0.546438
2	0.812255	0.545539
2	0.813688	0.54297
2	0.815149	0.541185
2	0.816869	0.539218
2	0.821062	0.536766
2	0.823387	0.53159
2	0.825735	0.528951
2	0.830559	0.526335
2	0.832809	0.522118
2	0.834741	0.520911
2	0.836148	0.520538
2	0.837594	0.52061
2	0.83784	0.521725
2	0.837625	0.522877
2	0.835454	0.524451
2	0.833886	0.526268
2	0.832361	0.526255
2	0.830773	0.526663
2	0.82518	0.527866
2	0.820594	0.530095
2	0.815462	0.530413
2	0.804602	0.530987
2	0.799732	0.532411
2	0.795691	0.533183
2	0.792554	0.53351
2	0.788254	0.533784
2	0.786624	0.534664
2	0.785022	0.535321
2	0.782902	0.536521
2	0.782508	0.540176
2	0.782434	0.542171
2	0.782599	0.54401
2	0.78399	0.545962
2	0.785513	0.549782
2	0.787233	0.55122
2	0.790743	0.552251
2	0.792849	0.554436
2	0.795233	0.555236
2	0.797585	0.555712
2	0.800015	0.555964
2	0.805494	0.555933
2	0.808522	0.554546
2	0.814796	0.552685
2	0.817856	0.547841
3	0.733598	0.312896
3	0.734194	0.313035
3	0.73471	0.313032
3	0.735094	0.313122
3	0.736372	0.313216
3	0.737074	0.313154
3	0.737416	0.313003
3	0.737063	0.312725
3	0.734109	0.312379
3	0.732986	0.309387
3	0.733122	0.307209
3	0.732848	0.304998
3	0.729835	0.299661
3	0.722325	0.297327
3	0.708796	0.295315
3	0.672975	0.293615
3	0.653475	0.291975
3	0.632267	0.292406
3	0.597564	0.293494
3	0.588715	0.297553
3	0.586353	0.300215
3	0.58353	0.303209
3	0.584025	0.305819
3	0.589191	0.310836
3	0.595702	0.313972
3	0.600772	0.317678
3	0.608955	0.32106
3	0.616616	0.325557
3	0.62727	0.328278
3	0.637868	0.331296
3	0.654236	0.333854
3	0.663374	0.337522
3	0.67364	0.339444
3	0.688225	0.341787
3	0.691676	0.344495
3	0.693493	0.346125
3	0.693739	0.34814
3	0.695517	0.351211
3	0.696309	0.355866
3	0.695445	0.357447
3	0.691807	0.358499
3	0.689093	0.359258
3	0.685287	0.359038
3	0.680694	0.358492
3	0.669623	0.357719
3	0.663259	0.35543
3	0.656291	0.353977
3	0.648025	0.352278
3	0.628044	0.350104
3	0.618463	0.344224
3	0.609841	0.341095
3	0.592644	0.338158
3	0.584342	0.331207
3	0.57633	0.327059
3	0.569641	0.322728
3	0.559712	0.318383
3	0.554037	0.30904
3	0.549105	0.303755
3	0.547304	0.298481
3	0.550062	0.289008
3	0.604162	0.284548
3	0.985737	0.281156
3	0.998999	0.281717
3	0.0012322	0.2857
3	0.0007514	0.29229
3	0.0051198	0.294641
3	0.0123756	0.296984
3	0.021462	0.296868
3	0.0326762	0.295698
3	0.0486684	0.293739
3	0.104827	0.291448
3	0.172759	0.286658
3	0.294182	0.285019
3	0.424818	0.284303
3	0.457622	0.289664
3	0.485217	0.292868
3	0.509208	0.296511
3	0.527876	0.300191
3	0.556529	0.303586
3	0.574524	0.308608
3	0.591914	0.311924
3	0.610675	0.315354
3	0.618203	0.321997
3	0.626352	0.325479
3	0.634367	0.328803
3	0.648635	0.331616
3	0.655546	0.334607
3	0.663223	0.335102
3	0.684119	0.335159
3	0.695154	0.334797
3	0.706421	0.334394
3	0.716582	0.333737
3	0.738988	0.332671
3	0.752848	0.32945
3	0.764418	0.327679
3	0.774971	0.326266
3	0.798543	0.324233
3	0.809441	0.320394
3	0.816508	0.319548
3	0.825351	0.318309
3	0.827936	0.313764
3	0.830596	0.311466
3	0.83433	0.30912
3	0.842585	0.306442
3	0.844995	0.301798
3	0.842707	0.299656
3	0.835183	0.296749
3	0.837427	0.292801
3	0.814286	0.284598
3	0.793386	0.283298
3	0.768917	0.285002
3	0.706511	0.286534
3	0.681869	0.285972
3	0.685541	0.287649
3	0.711414	0.287695
3	0.779592	0.288467
3	0.80503	0.293126
3	0.828276	0.295588
3	0.843924	0.298452
3	0.851941	0.302022
3	0.852081	0.310098
3	0.848738	0.313632
3	0.834791	0.316559
3	0.827576	0.320443
3	0.818345	0.320901
3	0.808156	0.3212
3	0.786575	0.320865
3	0.776149	0.317602
3	0.768608	0.315892
3	0.757339	0.314867
3	0.754032	0.310897
3	0.75051	0.308434
3	0.744903	0.305686
3	0.731913	0.301866
3	0.731913	0.292643
3	0.724935	0.292643
3	0.537315	0.287737
3	0.537315	0.281804
3	0.426887	0.281804
3	0.422644	0.28574
3	0.433088	0.288517
3	0.443954	0.294637
3	0.451321	0.297502
3	0.470253	0.300177
3	0.485399	0.305264
3	0.501217	0.307604
3	0.509887	0.310078
3	0.533097	0.311705
3	0.553374	0.31571
3	0.568105	0.318094
3	0.579383	0.32041
3	0.606051	0.322648
3	0.619934	0.327355
3	0.632865	0.328825
3	0.659275	0.329823
3	0.675236	0.329363
3	0.690916	0.327864
3	0.705234	0.326248
3	0.729948	0.324646
3	0.745879	0.321756
3	0.763545	0.320551
3	0.778807	0.319425
3	0.802038	0.318378
3	0.81278	0.315115
3	0.839645	0.313478
3	0.881837	0.308319
3	0.899823	0.307608
3	0.912992	0.309297
3	0.926953	0.311238
3	0.926953	0.315505
3	0.917986	0.315505
3	0.914419	0.320333
3	0.904424	0.321668
3	0.895843	0.321105
3	0.88787	0.319998
3	0.867601	0.318398
3	0.852856	0.312467
3	0.835603	0.308589
3	0.812409	0.304946
3	0.716327	0.300972
3	0.632031	0.292626
3	0.566944	0.292124
3	0.525849	0.295122
3	0.490041	0.298893
3	0.485583	0.307371
3	0.485858	0.31035
3	0.48488	0.313361
3	0.504137	0.314818
3	0.524165	0.314325
3	0.537928	0.313745
3	0.547605	0.314463
3	0.561723	0.315777
3	0.574166	0.318807
3	0.589962	0.320214
3	0.613464	0.321826
3	0.627597	0.323269
3	0.643393	0.323035
3	0.6592	0.32282
3	0.68647	0.32209
3	0.706655	0.318474
3	0.72743	0.316463
3	0.763136	0.314926
3	0.782924	0.310932
3	0.801245	0.309772
3	0.819003	0.309415
3	0.853622	0.308889
3	0.861722	0.3098
3	0.865551	0.311134
3	0.87406	0.311946
3	0.877216	0.313683
3	0.879996	0.315167
3	0.882673	0.316671
3	0.883953	0.318146
3	0.881216	0.321288
3	0.875983	0.322692
3	0.867147	0.323426
3	0.839264	0.32355
3	0.821513	0.322611
3	0.801412	0.321855
3	0.755389	0.321255
3	0.731673	0.321403
3	0.70929	0.321733
3	0.68821	0.322843
3	0.652274	0.324546
3	0.637689	0.328479
3	0.625405	0.330082
3	0.613262	0.331365
3	0.59192	0.332582
3	0.581147	0.332557
3	0.571918	0.329992
3	0.568005	0.326379
3	0.569438	0.322603
3	0.57372	0.31359
3	0.603267	0.308235
3	0.636755	0.298229
3	0.684937	0.294144
3	0.748183	0.291319
3	0.802845	0.290279
3	0.853609	0.291641
3	0.861761	0.29605
3	0.871293	0.29814
3	0.867758	0.299463
3	0.855858	0.29882
3	0.837571	0.297741
3	0.80777	0.295804
3	0.701441	0.293488
3	0.647203	0.291843
3	0.580472	0.293331
3	0.563614	0.299984
3	0.552433	0.304284
3	0.546385	0.30878
3	0.542815	0.312881
3	0.539601	0.316664
3	0.540901	0.324477
3	0.543059	0.328712
3	0.553094	0.332549
3	0.562332	0.338731
3	0.573609	0.341181
3	0.585289	0.343332
3	0.608394	0.344988
3	0.620929	0.346597
3	0.634462	0.346461
3	0.661816	0.345741
3	0.675615	0.342912
3	0.690663	0.340565
3	0.705956	0.33786
3	0.735922	0.335007
3	0.753264	0.328564
3	0.769243	0.325671
3	0.798939	0.323304
3	0.813299	0.318676
3	0.827295	0.317108
3	0.841105	0.316112
3	0.851377	0.315715
3	0.860785	0.31623
3	0.8624	0.316908
3	0.864129	0.31715
3	0.865138	0.318185
3	0.866257	0.318954
3	0.867087	0.319965
3	0.865941	0.320817
3	0.863603	0.321616
3	0.859844	0.321424
3	0.849676	0.321465
3	0.849676	0.319414
3	0.827356	0.319414
3	0.809724	0.314187
3	0.788355	0.311129
3	0.71382	0.307592
3	0.663546	0.301829
3	0.6121	0.300679
3	0.548173	0.302018
3	0.540947	0.310333
3	0.537349	0.315141
3	0.537834	0.319737
3	0.553156	0.323409
3	0.5638	0.32736
3	0.573841	0.329264
3	0.58745	0.330796
3	0.592522	0.334957
3	0.599192	0.336889
3	0.60794	0.338363
3	0.622206	0.339259
3	0.630399	0.339065
3	0.63899	0.337575
3	0.65994	0.335821
3	0.673125	0.329572
3	0.685693	0.326731
3	0.698128	0.323993
3	0.729856	0.321157
3	0.746692	0.316714
3	0.762059	0.315045
3	0.783578	0.313738
3	0.792941	0.312175
3	0.803397	0.311344
3	0.813048	0.311241
3	0.832975	0.310766
3	0.844076	0.309185
3	0.852928	0.308428
3	0.863882	0.308483
3	0.865919	0.311198
3	0.865021	0.312048
3	0.860885	0.31228
3	0.853453	0.312027
3	0.840684	0.311801
3	0.830489	0.311782
3	0.818046	0.311533
3	0.79057	0.310991
3	0.773538	0.309155
3	0.752496	0.308551
3	0.726002	0.307825
3	0.695034	0.30688
3	0.639466	0.306181
3	0.611043	0.308248
3	0.561003	0.310768
3	0.547442	0.317237
3	0.5381	0.320566
3	0.532035	0.324515
3	0.529448	0.328389
3	0.535709	0.331722
3	0.542306	0.336024
3	0.549043	0.336599
3	0.556353	0.336418
3	0.558413	0.33641
3	0.562092	0.336877
3	0.569052	0.337577
3	0.589272	0.338509
3	0.599238	0.339089
3	0.609617	0.338418
3	0.632582	0.337715
3	0.643866	0.335482
3	0.654608	0.33291
3	0.666279	0.329849
3	0.695847	0.326762
3	0.714565	0.320493
3	0.734347	0.317687
3	0.751139	0.315678
3	0.775406	0.31443
